#GammaRamp
   0     0     0     0
   1    16     9    13
   2    33    18    26
   3    49    27    39
   4    66    37    52
   5    82    46    65
   6    99    55    78
   7   115    64    90
   8   132    73   103
   9   165    82   104
  10   198    91   106
  11   231   100   107
  12   265   108   108
  13   298   117   109
  14   331   126   111
  15   364   135   112
  16   405   147   113
  17   563   212   114
  18   721   277   116
  19   879   342   117
  20  1037   407   118
  21  1195   471   139
  22  1353   536   160
  23  1511   601   181
  24  1651   661   205
  25  1652   673   255
  26  1654   685   305
  27  1655   697   355
  28  1656   709   405
  29  1658   721   455
  30  1659   733   505
  31  1660   745   555
  32  1662   755   599
  33  1663   755   600
  34  1664   756   601
  35  1666   756   602
  36  1667   757   603
  37  1668   757   604
  38  1670   757   605
  39  1671   758   606
  40  1672   759   607
  41  1674   767   608
  42  1675   775   609
  43  1676   783   610
  44  1678   791   611
  45  1679   799   612
  46  1720   807   613
  47  1761   815   614
  48  1803   829   615
  49  1849   873   616
  50  1896   917   617
  51  1942   960   618
  52  1988  1004   619
  53  2035  1048   620
  54  2081  1091   621
  55  2128  1135   622
  56  2168  1189   623
  57  2188  1280   624
  58  2208  1372   714
  59  2227  1463   803
  60  2247  1554   893
  61  2267  1646   983
  62  2287  1737  1072
  63  2306  1828  1162
  64  2332  1911  1260
  65  2376  1968  1386
  66  2420  2024  1512
  67  2465  2081  1638
  68  2509  2137  1764
  69  2553  2193  1890
  70  2597  2250  2016
  71  2641  2306  2142
  72  2689  2363  2250
  73  2747  2419  2314
  74  2805  2475  2377
  75  2863  2531  2441
  76  2921  2587  2505
  77  2979  2643  2569
  78  3036  2699  2632
  79  3094  2755  2696
  80  3155  2816  2763
  81  3222  2886  2835
  82  3289  2956  2908
  83  3356  3026  2981
  84  3423  3097  3053
  85  3490  3167  3126
  86  3557  3237  3199
  87  3624  3307  3271
  88  3693  3383  3348
  89  3764  3471  3434
  90  3836  3559  3519
  91  3907  3648  3604
  92  3979  3736  3690
  93  4050  3824  3775
  94  4122  3912  3860
  95  4193  4000  3946
  96  4268  4087  4034
  97  4348  4172  4129
  98  4428  4257  4223
  99  4507  4342  4318
 100  4587  4427  4412
 101  4667  4512  4507
 102  4747  4597  4601
 103  4827  4682  4696
 104  4912  4773  4795
 105  5005  4872  4899
 106  5097  4971  5004
 107  5190  5070  5109
 108  5283  5169  5214
 109  5376  5268  5318
 110  5469  5367  5423
 111  5562  5466  5528
 112  5660  5572  5638
 113  5765  5685  5756
 114  5870  5799  5874
 115  5975  5912  5992
 116  6080  6026  6109
 117  6184  6140  6227
 118  6289  6253  6345
 119  6394  6367  6462
 120  6505  6485  6587
 121  6623  6610  6719
 122  6741  6735  6852
 123  6858  6860  6984
 124  6976  6984  7116
 125  7094  7109  7248
 126  7211  7234  7381
 127  7329  7359  7513
 128  7456  7492  7652
 129  7593  7634  7799
 130  7729  7775  7945
 131  7866  7917  8092
 132  8002  8059  8238
 133  8139  8200  8384
 134  8275  8342  8531
 135  8412  8484  8677
 136  8559  8634  8833
 137  8716  8793  8996
 138  8873  8951  9159
 139  9030  9110  9322
 140  9187  9268  9485
 141  9344  9427  9648
 142  9501  9585  9811
 143  9657  9744  9974
 144  9825  9913 10146
 145 10000 10090 10326
 146 10176 10267 10506
 147 10351 10444 10687
 148 10527 10621 10867
 149 10703 10799 11047
 150 10878 10976 11227
 151 11054 11153 11407
 152 11243 11344 11601
 153 11441 11543 11805
 154 11640 11743 12010
 155 11838 11943 12214
 156 12036 12143 12418
 157 12235 12343 12622
 158 12433 12542 12826
 159 12632 12742 13030
 160 12847 12959 13252
 161 13073 13185 13483
 162 13299 13412 13714
 163 13525 13638 13945
 164 13751 13865 14177
 165 13977 14091 14408
 166 14202 14318 14639
 167 14428 14544 14870
 168 14672 14790 15121
 169 14926 15046 15382
 170 15179 15302 15643
 171 15433 15558 15904
 172 15686 15815 16165
 173 15940 16071 16426
 174 16193 16327 16687
 175 16447 16583 16948
 176 16725 16863 17234
 177 17015 17153 17530
 178 17305 17444 17827
 179 17594 17734 18123
 180 17884 18025 18420
 181 18174 18315 18717
 182 18464 18606 19013
 183 18754 18896 19310
 184 19071 19215 19637
 185 19399 19544 19976
 186 19728 19874 20315
 187 20056 20203 20653
 188 20384 20533 20992
 189 20712 20863 21331
 190 21041 21192 21670
 191 21369 21522 22009
 192 21733 21885 22384
 193 22108 22261 22770
 194 22483 22636 23156
 195 22859 23011 23542
 196 23234 23386 23928
 197 23609 23761 24314
 198 23985 24137 24700
 199 24360 24512 25087
 200 24779 24932 25521
 201 25211 25365 25968
 202 25643 25798 26416
 203 26075 26231 26864
 204 26507 26663 27311
 205 26939 27096 27759
 206 27371 27529 28206
 207 27803 27962 28654
 208 28286 28445 29152
 209 28782 28939 29662
 210 29277 29433 30172
 211 29772 29928 30682
 212 30268 30422 31192
 213 30763 30916 31702
 214 31258 31410 32211
 215 31754 31905 32721
 216 32313 32464 33299
 217 32884 33035 33889
 218 33456 33605 34480
 219 34027 34176 35070
 220 34599 34747 35660
 221 35170 35318 36251
 222 35741 35889 36841
 223 36313 36460 37431
 224 36965 37110 38107
 225 37628 37772 38795
 226 38292 38434 39483
 227 38956 39096 40171
 228 39620 39757 40859
 229 40283 40419 41547
 230 40947 41081 42235
 231 41611 41743 42923
 232 42369 42511 43708
 233 43137 43290 44504
 234 43905 44069 45300
 235 44673 44849 46096
 236 45440 45628 46892
 237 46208 46407 47688
 238 46976 47186 48483
 239 47744 47965 49279
 240 48632 48857 50201
 241 49527 49757 51132
 242 50423 50656 52062
 243 51318 51555 52993
 244 52214 52455 53923
 245 53109 53354 54854
 246 54005 54254 55784
 247 54900 55153 56715
 248 55942 56200 57813
 249 56988 57251 58916
 250 58034 58303 60019
 251 59080 59355 61122
 252 60126 60406 62225
 253 61173 61458 63329
 254 62219 62509 64432
 255 63265 63561 65535
